{
  "nbformat": 4,
  "nbformat_minor": 0,
  "metadata": {
    "colab": {
      "provenance": [],
      "authorship_tag": "ABX9TyN0p98FZx79uYEdGNxjB8rY",
      "include_colab_link": true
    },
    "kernelspec": {
      "name": "python3",
      "display_name": "Python 3"
    },
    "language_info": {
      "name": "python"
    }
  },
  "cells": [
    {
      "cell_type": "markdown",
      "metadata": {
        "id": "view-in-github",
        "colab_type": "text"
      },
      "source": [
        "<a href=\"https://colab.research.google.com/github/deltorobarba/chemistry/blob/main/kohn_sham_hamiltonian.ipynb\" target=\"_parent\"><img src=\"https://colab.research.google.com/assets/colab-badge.svg\" alt=\"Open In Colab\"/></a>"
      ]
    },
    {
      "cell_type": "markdown",
      "source": [
        "# **Extracting Kohn-Sham Hamiltonian (First Quantization)**"
      ],
      "metadata": {
        "id": "Yz64QOEh6sax"
      }
    },
    {
      "cell_type": "markdown",
      "source": [
        "Kohn-Sham Hamiltonian matrix includes kinetic energy, external potential, electron-electron interaction terms, and the exchange-correlation potential. This helps to extract the Hamiltonian (i.e., the matrix form of the Kohn-Sham Hamiltonian) used in DFT calculation.\n",
        "\n",
        "Kohn-Sham Hamiltonian operates within the single-particle picture, making it a first quantization approach. While DFT itself seeks to describe the properties of many-electron systems, it does so by mapping the problem onto an effective single-particle framework.\n",
        "* **First Quantization**: Deals with wavefunctions representing individual particles. The operators in this formalism act directly on these wavefunctions.\n",
        "* **Second Quantization**: Introduces field operators and treats particles as excitations of quantum fields. It is particularly useful for dealing with systems with varying numbers of particles.\n",
        "* **Kohn-Sham DFT**: Employs a fictitious system of non-interacting electrons, whose density matches that of the real, interacting system. The Kohn-Sham Hamiltonian describes the behavior of these fictitious electrons, acting on single-electron wavefunctions.\n"
      ],
      "metadata": {
        "id": "vVtrGqLD6rE6"
      }
    },
    {
      "cell_type": "code",
      "source": [
        "!pip install pyscf -q\n",
        "from pyscf import gto, dft\n",
        "\n",
        "# Define the molecule\n",
        "mol = gto.M(\n",
        "    atom = '''\n",
        "        O  0.0000000   0.0000000   0.0000000\n",
        "        H  0.7586022   0.0000000   0.5042847\n",
        "        H -0.7586022   0.0000000   0.5042847\n",
        "    ''',\n",
        "    basis = 'cc-pvdz',  # Use a common basis set\n",
        ")\n",
        "\n",
        "# Perform a DFT calculation using the B3LYP functional\n",
        "mf = dft.RKS(mol)\n",
        "mf.xc = 'b3lyp'\n",
        "mf.kernel()\n",
        "\n",
        "# Get the Kohn-Sham Hamiltonian (core Hamiltonian + exchange-correlation potential)\n",
        "ks_hamiltonian = mf.get_hcore() + mf.get_veff()\n",
        "\n",
        "print(\"Kohn-Sham Hamiltonian matrix:\\n\", ks_hamiltonian)"
      ],
      "metadata": {
        "colab": {
          "base_uri": "https://localhost:8080/"
        },
        "id": "ke7FTpto63Vf",
        "outputId": "a701d96e-6ceb-434c-f82e-61ebda396918"
      },
      "execution_count": null,
      "outputs": [
        {
          "output_type": "stream",
          "name": "stdout",
          "text": [
            "converged SCF energy = -76.4124561108163\n",
            "Kohn-Sham Hamiltonian matrix:\n",
            " [[-1.91099834e+01  4.05907884e+00 -3.69507337e+00  8.43075609e-17\n",
            "  -4.07891240e-17 -1.96184467e-02  8.10983225e-18 -3.62449037e-18\n",
            "  -3.87086540e-03  9.15955541e-19 -1.56511574e-18  1.87521039e-04\n",
            "  -1.08291468e-17 -2.48435359e-03 -1.16394320e+00 -1.36623301e+00\n",
            "   2.05557536e+00 -1.94013747e-18  1.36517578e+00 -1.16394320e+00\n",
            "  -1.36623301e+00 -2.05557536e+00 -1.83937520e-18  1.36517578e+00]\n",
            " [ 4.05907884e+00 -1.46040819e+00 -1.20825661e-01 -1.51961776e-16\n",
            "  -1.06448056e-16 -8.77406737e-02 -7.91033905e-17 -7.18225932e-17\n",
            "  -6.80102043e-02  1.20493461e-17  1.31823215e-17  7.03987710e-03\n",
            "  -1.32619610e-16 -9.04620087e-02 -2.98777961e-01 -2.71507471e-01\n",
            "  -7.72109697e-02 -5.40890754e-19 -6.06107784e-02 -2.98777961e-01\n",
            "  -2.71507471e-01  7.72109697e-02 -1.69470355e-17 -6.06107784e-02]\n",
            " [-3.69507337e+00 -1.20825661e-01 -1.48551559e+00 -1.97064587e-16\n",
            "  -7.14660423e-17 -1.04301965e-01 -2.34881559e-16 -8.14872313e-17\n",
            "  -1.48279621e-01  2.32032751e-18 -2.51252850e-17  9.05124881e-03\n",
            "  -1.59941504e-16 -1.23636550e-01 -7.32301938e-01 -7.75706017e-01\n",
            "   7.09591252e-01 -2.20484466e-17  4.53279481e-01 -7.32301938e-01\n",
            "  -7.75706017e-01 -7.09591252e-01 -3.45477028e-17  4.53279481e-01]\n",
            " [ 8.43075609e-17 -1.51961776e-16 -1.97064587e-16 -1.24983958e-01\n",
            "   1.40824250e-17 -1.43331527e-16 -5.32913603e-01  2.25623775e-17\n",
            "  -8.40473524e-17 -9.49696794e-17 -2.70337824e-17 -3.46944695e-19\n",
            "  -1.72845273e-01 -3.46944695e-17 -3.60147204e-01 -1.36562527e-01\n",
            "   2.04416842e-03 -6.87600338e-18  1.41499730e-01  3.60147204e-01\n",
            "   1.36562527e-01  2.04416842e-03  2.69367186e-17 -1.41499730e-01]\n",
            " [-4.07891240e-17 -1.06448056e-16 -7.14660423e-17  1.40824250e-17\n",
            "  -4.43737413e-02 -2.17907630e-17 -2.87287618e-17 -4.39289953e-01\n",
            "  -1.38460173e-17 -4.02455846e-17 -6.55025509e-02  6.91964085e-18\n",
            "  -1.59673275e-18 -5.71301272e-18 -4.77449257e-17 -5.95918752e-17\n",
            "   3.59750525e-17 -2.23399236e-01  2.71782951e-17 -4.85918045e-18\n",
            "  -4.66717458e-18 -6.82192910e-17 -2.23399236e-01  9.19072128e-18]\n",
            " [-1.96184467e-02 -8.77406737e-02 -1.04301965e-01 -1.43331527e-16\n",
            "  -2.17907630e-17 -7.89418194e-02 -1.37086523e-16 -2.10555235e-17\n",
            "  -4.80602448e-01 -2.76155385e-18 -6.29120452e-17 -7.09787264e-02\n",
            "  -2.49800181e-17 -5.42256678e-02 -2.61857634e-01 -1.39211501e-01\n",
            "   1.75778181e-01 -1.15125430e-17 -1.13362318e-01 -2.61857634e-01\n",
            "  -1.39211501e-01 -1.75778181e-01 -8.78493625e-18 -1.13362318e-01]\n",
            " [ 8.10983225e-18 -7.91033905e-17 -2.34881559e-16 -5.32913603e-01\n",
            "  -2.87287618e-17 -1.37086523e-16 -1.40664183e-01 -1.82453723e-17\n",
            "  -1.86482774e-16 -4.30370784e-17 -2.22233527e-17  4.16333634e-17\n",
            "  -1.91226378e-01 -1.87350135e-16 -2.18127682e-01 -7.97086097e-02\n",
            "   2.95121817e-02 -4.93836426e-18  2.05336947e-02  2.18127682e-01\n",
            "   7.97086097e-02  2.95121817e-02  1.65710592e-17 -2.05336947e-02]\n",
            " [-3.62449037e-18 -7.18225932e-17 -8.14872313e-17  2.25623775e-17\n",
            "  -4.39289953e-01 -2.10555235e-17 -1.82453723e-17  7.99227166e-02\n",
            "  -8.66845786e-19 -1.51961776e-16 -5.42930843e-02  3.80780402e-17\n",
            "   4.15494247e-18  8.62173969e-17 -3.34506672e-17 -4.51669678e-17\n",
            "  -1.29024054e-17 -1.29451771e-02  1.74717638e-17 -1.98323620e-17\n",
            "  -4.59731533e-17 -5.34124966e-17 -1.29451771e-02  1.02499595e-17]\n",
            " [-3.87086540e-03 -6.80102043e-02 -1.48279621e-01 -8.40473524e-17\n",
            "  -1.38460173e-17 -4.80602448e-01 -1.86482774e-16 -8.66845786e-19\n",
            "  -1.72818859e-02 -3.55726424e-18 -5.45608092e-17 -5.77119133e-02\n",
            "  -5.06539255e-17 -6.85046863e-02 -1.69784237e-01 -1.38929475e-01\n",
            "   5.25254892e-02  6.85089983e-18  6.31767086e-03 -1.69784237e-01\n",
            "  -1.38929475e-01 -5.25254892e-02 -1.92019656e-17  6.31767086e-03]\n",
            " [ 9.15955541e-19  1.20493461e-17  2.32032751e-18 -9.49696794e-17\n",
            "  -4.02455846e-17 -2.76155385e-18 -4.30370784e-17 -1.51961776e-16\n",
            "  -3.55726424e-18  2.54655302e+00 -1.25463875e-16  1.17441199e-17\n",
            "   9.61747057e-18  1.30474318e-19 -1.31223971e-17 -1.12869436e-17\n",
            "   1.19367543e-17  2.29655029e-01  7.28951371e-18  2.56557031e-17\n",
            "   1.00183853e-17  2.63748089e-17 -2.29655029e-01 -3.53433668e-17]\n",
            " [-1.56511574e-18  1.31823215e-17 -2.51252850e-17 -2.70337824e-17\n",
            "  -6.55025509e-02 -6.29120452e-17 -2.22233527e-17 -5.42930843e-02\n",
            "  -5.45608092e-17 -1.25463875e-16  2.59302631e+00  1.40587694e-17\n",
            "   3.92609437e-18 -1.54591356e-17 -1.34213051e-17 -1.89809836e-17\n",
            "   2.66099773e-17  1.41209108e-01  6.13826378e-18  4.00593710e-18\n",
            "  -5.12595285e-18 -3.61653288e-17  1.41209108e-01 -1.11900049e-17]\n",
            " [ 1.87521039e-04  7.03987710e-03  9.05124881e-03 -3.46944695e-19\n",
            "   6.91964085e-18 -7.09787264e-02  4.16333634e-17  3.80780402e-17\n",
            "  -5.77119133e-02  1.17441199e-17  1.40587694e-17  2.55339204e+00\n",
            "  -4.43465794e-17  5.16465917e-02 -8.29891943e-03 -1.02697934e-03\n",
            "  -8.55918490e-02  6.99594241e-18  1.87348074e-01 -8.29891943e-03\n",
            "  -1.02697934e-03  8.55918490e-02 -4.15350107e-18  1.87348074e-01]\n",
            " [-1.08291468e-17 -1.32619610e-16 -1.59941504e-16 -1.72845273e-01\n",
            "  -1.59673275e-18 -2.49800181e-17 -1.91226378e-01  4.15494247e-18\n",
            "  -5.06539255e-17  9.61747057e-18  3.92609437e-18 -4.43465794e-17\n",
            "   2.39112464e+00 -1.01134379e-16 -5.49177326e-02 -4.63380343e-02\n",
            "  -3.49974214e-01 -8.64557696e-19 -9.36145407e-02  5.49177326e-02\n",
            "   4.63380343e-02 -3.49974214e-01  1.42835760e-17  9.36145407e-02]\n",
            " [-2.48435359e-03 -9.04620087e-02 -1.23636550e-01 -3.46944695e-17\n",
            "  -5.71301272e-18 -5.42256678e-02 -1.87350135e-16  8.62173969e-17\n",
            "  -6.85046863e-02  1.30474318e-19 -1.54591356e-17  5.16465917e-02\n",
            "  -1.01134379e-16  2.47993304e+00 -4.89109195e-02 -8.41180087e-02\n",
            "  -1.33541282e-01  6.84464877e-18 -2.46170597e-01 -4.89109195e-02\n",
            "  -8.41180087e-02  1.33541282e-01  1.31477357e-17 -2.46170597e-01]\n",
            " [-1.16394320e+00 -2.98777961e-01 -7.32301938e-01 -3.60147204e-01\n",
            "  -4.77449257e-17 -2.61857634e-01 -2.18127682e-01 -3.34506672e-17\n",
            "  -1.69784237e-01 -1.31223971e-17 -1.34213051e-17 -8.29891943e-03\n",
            "  -5.49177326e-02 -4.89109195e-02 -4.45610602e-01 -5.33589234e-01\n",
            "   4.42554813e-01 -5.90844395e-17  2.76621742e-01 -2.63929744e-01\n",
            "  -3.73012738e-01 -3.57170605e-01 -1.47992341e-17  1.07593058e-01]\n",
            " [-1.36623301e+00 -2.71507471e-01 -7.75706017e-01 -1.36562527e-01\n",
            "  -5.95918752e-17 -1.39211501e-01 -7.97086097e-02 -4.51669678e-17\n",
            "  -1.38929475e-01 -1.12869436e-17 -1.89809836e-17 -1.02697934e-03\n",
            "  -4.63380343e-02 -8.41180087e-02 -5.33589234e-01 -4.37743765e-01\n",
            "   3.93219401e-01 -3.02304947e-17  2.43399601e-01 -3.73012738e-01\n",
            "  -4.10053700e-01 -3.56667169e-01 -1.65460886e-17  1.84143320e-01]\n",
            " [ 2.05557536e+00 -7.72109697e-02  7.09591252e-01  2.04416842e-03\n",
            "   3.59750525e-17  1.75778181e-01  2.95121817e-02 -1.29024054e-17\n",
            "   5.25254892e-02  1.19367543e-17  2.66099773e-17 -8.55918490e-02\n",
            "  -3.49974214e-01 -1.33541282e-01  4.42554813e-01  3.93219401e-01\n",
            "   5.70832435e-01  2.45842756e-18 -3.39158696e-01  3.57170605e-01\n",
            "   3.56667169e-01  4.58872026e-01  4.19753266e-18 -1.88503596e-01]\n",
            " [-1.94013747e-18 -5.40890754e-19 -2.20484466e-17 -6.87600338e-18\n",
            "  -2.23399236e-01 -1.15125430e-17 -4.93836426e-18 -1.29451771e-02\n",
            "   6.85089983e-18  2.29655029e-01  1.41209108e-01  6.99594241e-18\n",
            "  -8.64557696e-19  6.84464877e-18 -5.90844395e-17 -3.02304947e-17\n",
            "   2.45842756e-18  1.09713018e+00  2.50221936e-17  3.76150852e-18\n",
            "   1.25851655e-17 -1.79712881e-17 -8.50718969e-02  2.00877076e-18]\n",
            " [ 1.36517578e+00 -6.06107784e-02  4.53279481e-01  1.41499730e-01\n",
            "   2.71782951e-17 -1.13362318e-01  2.05336947e-02  1.74717638e-17\n",
            "   6.31767086e-03  7.28951371e-18  6.13826378e-18  1.87348074e-01\n",
            "  -9.36145407e-02 -2.46170597e-01  2.76621742e-01  2.43399601e-01\n",
            "  -3.39158696e-01  2.50221936e-17  8.72059269e-01  1.07593058e-01\n",
            "   1.84143320e-01  1.88503596e-01  3.74954087e-18 -1.58726854e-01]\n",
            " [-1.16394320e+00 -2.98777961e-01 -7.32301938e-01  3.60147204e-01\n",
            "  -4.85918045e-18 -2.61857634e-01  2.18127682e-01 -1.98323620e-17\n",
            "  -1.69784237e-01  2.56557031e-17  4.00593710e-18 -8.29891943e-03\n",
            "   5.49177326e-02 -4.89109195e-02 -2.63929744e-01 -3.73012738e-01\n",
            "   3.57170605e-01  3.76150852e-18  1.07593058e-01 -4.45610602e-01\n",
            "  -5.33589234e-01 -4.42554813e-01 -5.43525770e-17  2.76621742e-01]\n",
            " [-1.36623301e+00 -2.71507471e-01 -7.75706017e-01  1.36562527e-01\n",
            "  -4.66717458e-18 -1.39211501e-01  7.97086097e-02 -4.59731533e-17\n",
            "  -1.38929475e-01  1.00183853e-17 -5.12595285e-18 -1.02697934e-03\n",
            "   4.63380343e-02 -8.41180087e-02 -3.73012738e-01 -4.10053700e-01\n",
            "   3.56667169e-01  1.25851655e-17  1.84143320e-01 -5.33589234e-01\n",
            "  -4.37743765e-01 -3.93219401e-01 -8.11571279e-18  2.43399601e-01]\n",
            " [-2.05557536e+00  7.72109697e-02 -7.09591252e-01  2.04416842e-03\n",
            "  -6.82192910e-17 -1.75778181e-01  2.95121817e-02 -5.34124966e-17\n",
            "  -5.25254892e-02  2.63748089e-17 -3.61653288e-17  8.55918490e-02\n",
            "  -3.49974214e-01  1.33541282e-01 -3.57170605e-01 -3.56667169e-01\n",
            "   4.58872026e-01 -1.79712881e-17  1.88503596e-01 -4.42554813e-01\n",
            "  -3.93219401e-01  5.70832435e-01 -4.18479358e-17  3.39158696e-01]\n",
            " [-1.83937520e-18 -1.69470355e-17 -3.45477028e-17  2.69367186e-17\n",
            "  -2.23399236e-01 -8.78493625e-18  1.65710592e-17 -1.29451771e-02\n",
            "  -1.92019656e-17 -2.29655029e-01  1.41209108e-01 -4.15350107e-18\n",
            "   1.42835760e-17  1.31477357e-17 -1.47992341e-17 -1.65460886e-17\n",
            "   4.19753266e-18 -8.50718969e-02  3.74954087e-18 -5.43525770e-17\n",
            "  -8.11571279e-18 -4.18479358e-17  1.09713018e+00  1.12177000e-17]\n",
            " [ 1.36517578e+00 -6.06107784e-02  4.53279481e-01 -1.41499730e-01\n",
            "   9.19072128e-18 -1.13362318e-01 -2.05336947e-02  1.02499595e-17\n",
            "   6.31767086e-03 -3.53433668e-17 -1.11900049e-17  1.87348074e-01\n",
            "   9.36145407e-02 -2.46170597e-01  1.07593058e-01  1.84143320e-01\n",
            "  -1.88503596e-01  2.00877076e-18 -1.58726854e-01  2.76621742e-01\n",
            "   2.43399601e-01  3.39158696e-01  1.12177000e-17  8.72059269e-01]]\n"
          ]
        }
      ]
    },
    {
      "cell_type": "markdown",
      "source": [
        "* `mf.get_hcore()`: This function returns the core Hamiltonian matrix, which includes the kinetic energy and nuclear attraction terms.\n",
        "* `mf.get_veff()`: This function returns the effective potential matrix, including the electron-electron repulsion and exchange-correlation potentials.\n",
        "* The sum of these gives you the Kohn-Sham Hamiltonian matrix, which is typically used to solve the Kohn-Sham equations. This matrix is not the full system's Hamiltonian but the effective Hamiltonian used in DFT processes.\n",
        "* Output is a matrix corresponding to the Hamiltonian in the chosen basis set.\n",
        "* For obtaining the full Hamiltonian of the molecular system (such as for use in quantum computing), that would involve additional steps and considerations, often involving second quantization techniques, which PySCF also supports."
      ],
      "metadata": {
        "id": "jfV8FSQ-68iw"
      }
    }
  ]
}